Parameter	Coverage	N	Expected	Binom_2.5%	Binom_97.5%
mu	0.9523809523809523	189	0.950	0.9153439153439153	0.9788359788359788
n0	0.9365079365079365	189	0.950	0.9153439153439153	0.9788359788359788
g	0.9365079365079365	189	0.950	0.9153439153439153	0.9788359788359788
kappa	0.9523809523809523	189	0.950	0.9153439153439153	0.9788359788359788
pi_A	0.9629629629629629	189	0.950	0.9153439153439153	0.9788359788359788
pi_C	0.9259259259259259	189	0.950	0.9153439153439153	0.9788359788359788
pi_G	0.9153439153439153	189	0.950	0.9153439153439153	0.9788359788359788
pi_T	0.9259259259259259	189	0.950	0.9153439153439153	0.9788359788359788
rootHeight	0.9365079365079365	189	0.950	0.9153439153439153	0.9788359788359788
